356
402
144
441
2
267
71
39
284
205
399
46
58
32
337
40
161
282
187
366
209
317
337
201
351
4
120
329
425
220
457
252
223
63
39
393
282
91
351
445
99
243
77
470
365
140
83
284
309
469
386
317
440
174
418
85
110
269
314
404
150
33
234
255
166
50
222
197
314
453
230
402
450
36
455
257
44
460
233
368
231
192
21
382
62
221
444
323
94
92
109
496
244
129
147
397
82
209
21
82
200
213
275
207
328
399
63
223
315
481
185
350
56
444
364
201
456
406
235
93
322
53
411
185
4
64
54
13
441
127
108
290
318
341
180
482
38
172
263
205
7
45
481
119
267
243
445
378
200
449
302
375
42
377
479
161
319
418
373
334
378
233
91
60
283
357
43
22
281
295
358
363
275
255
246
63
30
343
464
496
152
189
235
471
122
37
271
474
385
339
131
376
431
201
40
83
137
313
424
396
408
0
473
326
438
59
82
11
21
120
324
136
367
434
315
470
186
167
366
0
69
100
94
89
457
130
367
253
217
455
225
67
332
46
142
410
225
206
285
329
333
93
107
23
453
61
216
280
117
220
406
78
409
210
262
302
488
445
105
19
3
470
264
327
488
102
235
249
47
223
158
451
168
10
142
479
17
361
420
176
386
404
218
308
341
444
307
199
312
3
91
151
266
374
339
45
379
166
297
413
394
289
79
468
50
305
27
262
47
226
203
182
293
422
181
246
474
239
50
145
128
42
322
234
254
138
25
320
234
311
89
388
48
148
184
414
267
451
358
29
203
405
353
162
456
263
112
248
124
291
9
267
417
67
244
441
454
85
299
307
292
40
368
213
411
227
66
80
57
378
471
364
418
384
193
488
435
446
424
139
59
315
484
43
75
83
93
19
294
422
390
103
105
61
302
389
305
81
67
404
287
486
150
260
425
167
181
477
234
219
173
217
199
157
67
168
489
140
436
105
185
464
203
72
265
477
129
213
245
422
227
102
95
297
13
404
451
276
427
236
480
106
207
265
226
73
426
346
114
394
19
77
222
49
8
165
380
215
85
488
285
220
222
232
68
84
492
54
384
152
384
346
178
311
499
457
78
283
274
482
431
72
72
383
409
459
102
277
86
283
132
273
45
175
476
228
56
383
376
340
171
274
160
132
215
295
155
381
273
206
107
106
249
306
72
139
162
8
442
363
281
486
443
412
220
97
266
115
243
168
58
26
155
240
395
182
314
477
457
105
477
132
274
98
326
437
331
427
48
218
377
242
10
26
47
396
94
456
406
285
102
448
394
486
54
259
29
34
274
154
257
446
155
326
146
115
192
453
158
27
466
261
2
287
29
126
240
315
195
391
141
67
231
62
194
278
158
265
68
374
99
217
144
77
487
193
120
78
499
181
182
374
412
362
141
244
105
303
114
238
158
64
391
56
255
276
195
420
411
90
474
306
239
395
184
21
286
116
354
46
266
406
60
186
399
450
492
447
282
188
44
123
384
300
66
420
174
251
84
403
361
136
135
115
424
285
388
53
424
50
122
145
324
388
202
405
479
370
139
481
318
500
309
76
444
45
163
451
187
292
410
101
263
188
265
217
50
250
337
404
322
455
410
390
346
115
370
326
166
107
177
421
409
159
278
278
271
416
371
216
124
30
80
435
418
352
314
180
239
47
465
348
154
160
255
194
379
20
155
95
173
260
112
105
156
245
109
444
159
166
167
252
98
210
412
56
86
485
245
36
29
107
104
75
294
9
205
218
25
32
454
226
2
451
269
111
84
241
336
206
40
477
15
403
227
337
299
212
150
35
175
490
376
164
227
349
333
2
368
158
13
489
462
248
69
129
303
364
250
146
105
426
4
118
210
334
358
466
73
101
49
103
443
392
370
405
40
471
281
468
116
28
447
294
243
134
434
181
437
453
4
220
427
448
349
225
371
137
102
105
96
162
430
32
207
102
49
71
300
281
328
357
182
386
383
349
432
365
192
96
404
498
497
129
261
321
163
7
90
476
234
457
163
299
266
489
383
444
345
400
273
337
155
66
441
45
342
10
254
132
70
164
408
199
169
90
192
295
228
491
125
224
51
126
368
79
20
0
490
213
410
456
322
200
150
245
366
471
205
458
240
379
390
341
304
473
500
26
25
349
367
133
363
307
124
226
179
409
175
491
287
328
361
312
168
182
406
458
17
42
398
3
36
131
461
290
358
414
485
425
408
81
430
219
100
206
67
474
16
248
93
342
264
247
487
62
386
293
30
138
377
355
485
203
314
22
292
138
343
426
268
407
52
163
354
142
235
170
416
408
366
352
82
7
333
270
0
369
202
294
353
284
341
336
82
112
93
210
184
283
364
437
378
422
119
391
12
485
364
16
486
253
462
421
423
195
153
248
221
261
390
120
78
479
46
17
324
124
403
302
101
229
53
157
409
314
417
128
150
109
104
433
293
91
22
62
396
222
274
109
236
217
407
339
273
196
103
480
335
373
198
461
486
62
109
151
148
56
321
8
475
479
350
349
281
68
207
388
494
310
361
473
180
24
22
341
92
314
492
155
93
268
352
466
306
96
212
137
347
373
289
361
350
250
291
283
101
76
394
237
118
292
230
4
489
91
32
60
329
493
401
304
253
280
156
130
379
212
103
357
231
73
350
361
220
211
204
461
438
334
104
395
69
219
11
160
338
91
298
28
3
160
401
346
123
29
472
378
475
236
222
365
385
251
366
447
152
334
226
118
99
52
117
321
401
498
49
288
458
38
426
324
331
169
117
104
471
220
0
132
464
322
209
72
174
33
12
235
314
148
420
270
28
302
135
55
116
472
302
339
239
193
477
220
17
498
314
307
33
348
292
243
270
246
479
200
78
46
418
118
207
411
93
488
491
97
317
110
255
340
17
410
296
407
352
342
446
330
442
341
325
265
204
354
15
133
225
155
418
455
115
399
3
172
267
105
487
288
138
48
84
170
355
322
