9790936064617
9792783883423
9796242064763
9794393208725
9783687975910
9783602875354
9794121302592
9795090791029
9792213318429
9794435096387
9786699965061
9784956442080
9785770037833
9783754343254
9787525414187
9782149740596
9782297021589
9781361621185
9793856655580
9798031529927
9789790357378
9791804790829
9789852479666
9796536999320
9794040300319
9797712921267
9794314769684
9780408714768
9786111738798
9798291897470
9785709969699
9781016027163
9795941531870
9798717721044
9780155353485
9789111444751
9782802133529
9788970376018
9792197006428
9790480952939
9780189265549
9794160374711
9785891148813
9793372470488
9780011213662
9790180346421
9790980477348
9793860267036
9799782113645
9789535119190
9781392359294
9797860814765
9792016210237
9798964450498
9780276440545
9790898591126
9793739474184
9782534923276
9795922542453
9795315491575
9782120838235
9798617616740
9794231877429
9782878416268
9782055185024
9796211165252
9785269934221
9792382935424
9780271771989
9794675672684
9791722975919
9787948677366
9793434968499
9786595570212
9787646633424
9796456670166
9785253882077
9796683677425
9786361290147
9790044203516
9784871667631
9789490169018
9789212960298
9788751131474
9780871895862
9793177710868
9782243160336
9792988097318
9790847491516
9798770178349
9786509160736
9784307042516
9782917907296
9796948260258
9785073052862
9797405542041
9784791255893
9786341781374
9783076981865
9797915869779
9790647621810
9789543980979
9791898176826
9782994835730
9780763380433
9780669402530
9787987078754
9787600918043
9795814237679
9796419856084
9799129782366
9798711591413
9780987843133
9794409414678
9782952129646
9780314864191
9796511802741
9786084798836
9782161340562
9795136739023
9798159219989
9797982722444
9790326437931
9783481580764
9786154818412
9786161195346
9795079034027
9791227375860
9786613849845
9788035749366
9798778414655
9789149731296
9790295842784
9794441169937
9780060109587
9785084946115
9788998798552
9796075523344
9787247972159
9781555043412
9785786494380
9795537166922
9790888806481
9788146114517
9791959855168
9789912261870
9780047965987
9785615765071
9784508476787
9794694137192
9786326326425
9782991108667
9783723350515
9794184417875
9792427663350
9785240571962
9790394751373
9786111361979
9785657297069
9789192076516
9783700166526
9784424438464
9796783369173
9796445843168
9798610412550
9781192433891
9795799626637
9798246643127
9799302054182
9787785724298
9782971560460
9790792836462
9796329922898
9798588947694
9786109555945
9797259243097
9787294833167
9785954015480
9783062944633
9793599146888
9792420543047
9789307882593
9790828428058
9796687171329
9797070156082
9782923688475
9799877034347
9790277251593
9797800976077
9790619389851
9794051646185
9791841426882
9795096272380
9785960264633
9795586819299
9792758446660
9796347631153
9781224063825
9784391590250
9798007151121
9792325079185
9780104406149
9780894640149
9792766037386
9796276985762
9782506933183
9788767073067
9784733687494
9781015216438
9780981539556
9781949759788
9788094725430
9786672525127
9798470985535
9784065035360
9786944433046
9798116088930
9782174075553
9782617374338
9799005700060
9799567749141
9786980962538
9789386661028
9780022329044
9786479291775
9784314301251
9791180590285
9783837711213
9789895346816
9793407518977
9787303782892
9799651226872
9781183766639
9790202770949
9792593766831
9784280408569
9798934155617
9789096113533
9793737492098
9787521214763
9787555514891
9795163977624
9781742701553
9789720032482
9791128183981
9798580628474
9790622221570
9793797726288
9792426882248
9782453839951
9786570190231
9791452952154
9780426702928
9787361674788
9784132758484
9790472964010
9783911194110
9792383849939
9796207591030
9796442551076
9792519640419
9789466840369
9798253111962
9790763107631
9781682761325
9799201043548
9785354983230
9785139240155
9786296405119
9785339643217
9785734779442
9796760364464
9788013312062
9799163209437
9798758663673
9792135360061
9785107201112
9788435440494
9788927191989
9789644831968
9787124060185
9781405885245
9792354258494
9782632554828
9792190393551
9781424758290
9794767792329
9796837735084
9791100605836
9786048623751
9783410178231
9794425250632
9794140116929
9783098033179
9788916711587
9789913196746
9789709419295
9794152124999
9799224747592
9795507176495
9793570931776
9799259693521
9792323932459
9792245132415
9785563176355
9791567556840
9788748457264
9783360906034
9798455865030
9788057874548
9787972576289
9788692420289
9786056119877
9799898036517
9796126661988
9792205841335
9783791341244
9792649608568
9781061465720
9792422954844
9787444472835
9789918024128
9788004553246
9787941437152
9791486550950
9781689510995
9797711043616
9781702033511
9780585678380
9797762173448
9780617341579
9794717680744
9799385233030
9787205851284
9782937448610
9789255084279
9780270119722
9799539709528
9780049480063
9786237633161
9784643397625
9792551151159
9781082738757
9789547998611
9782056152960
9789178033782
9782783002074
9790993255662
9787862531310
9782668835626
9783234056848
9792739006770
9792589740197
9786848517369
9782679085630
9783767842812
9796579871722
9789995240062
9789026753581
9795022206637
9795182261877
9789086969627
9784110012371
9787095382466
9781654538199
9799552694284
9784108924551
9795733675863
9786012722877
9794330995281
9787460589611
9795253309365
9788119615582
9794446451967
9782067022932
9784994605320
9785153782785
9790016416524
9789633253250
9787833372813
9787798103970
9797559955195
9792094529153
9795853050998
9783859358937
9781820155439
9798740390144
9788992175071
9793755376024
9781442997651
9795960760367
9794747164384
9793720822042
9798519025225
9784130811267
9783439289834
9784386928520
9793682300790
9791327717535
9786788653156
9793977324427
9786600696988
9788349399188
9783184306235
9794298501474
9783046294351
9794510853562
9787427126257
9788356318059
9798766647460
9781202091498
9781454401777
9787759611677
9796848578555
9783030808634
9782417382167
9780656343567
9781670225091
9797713696347
9799144131418
9788703658547
9799138913275
9780580187560
9795289094514
9790575697131
9795765059273
9792020603351
9781443720161
9785660228149
9782219329894
9788214135566
9789025276750
9785784359977
9795344388780
9794494978244
9792482409020
9795084229286
9786314789692
9798945071486
9791642034820
9780797888334
9782702471457
9788587327634
9791868631893
9791695499445
9780721049938
9784850647814
9784250668582
9790275385151
9786757775084
9792196007445
9794326124172
9781621443394
9787633352016
9790164436127
9786607729594
9798894413664
9780180785036
9788132556314
9793138285061
9787340899787
9794606710648
9791090785482
9790162037166
9792233229457
9795605204779
9795008924131
9781689831156
9792174758920
9795675604113
9790730210632
9781508316563
9799246276822
9782497693471
9793757547543
9789408271426
9796003735755
9796222642282
9796861131390
9787677716114
9785534278248
9785792682956
9788349561931
9798183222672
9791592801597
9786120854490
9785978780328
9789771286717
9795722229925
9790855730037
9799966361523
9795050544694
9788066741053
9786112396882
9793503583457
9789461818347
9794685474518
9781181150084
9782384866224
9791108255618
9788048288775
9788685138419
9799918094852
9790105005291
9782484743068
9790438404976
9799916972348
9793214831914
9793294582656
9792334486642
9786933202119
9786764671214
9790470717050
9789233481175
9790150354223
9788211149172
9791120945057
9793068115282
9792278007543
9787743200451
9789973231941
9783030118989
9789678190669
9784511017175
9795228879654
9791286134924
9780946255064
9781724278943
9782372231436
9786427950477
9784639827165
9790857023034
9794443331148
9799644372513
9783338143350
9787983005247
9792899536455
9789822988245
9796359452697
9789089616621
9786695797283
9796537719696
9786535699789
9798800084785
9781051235166
9790069859733
9796267089664
9797859287057
9785273108437
9782723111698
9793434108031
9789057863478
9796734308758
9788703098362
9783724591858
9799877708821
9788578861757
9789481061689
9788482298039
9798735477043
9794802911088
9784453522511
9783130436249
9783707409796
9795212506182
9782822778983
9793729638560
9795681682151
9782765763747
9780085915233
9781843010363
9781796117180
9796948917486
9785291886968
9789868204849
9786906984262
9798097411334
9797678678649
9781180115215
9791321762579
9792741390395
9793152634310
9798560177014
9795153554337
9798930592785
9781594137255
9784161462688
9788925005361
9792864317162
9793867880186
9799230226277
9782989493758
9780291461115
9795030185282
9789467379375
9791224810457
9798409481729
9797869257347
9799813996277
9784146442067
9790240157582
9794328264460
9787340244253
9789460754923
9784358441240
9797597433363
9781470319793
9785895561858
9792740045273
9797215381586
9780586768364
9790443241975
9795435204131
9785779985741
9783547663897
9786371114943
9780175280846
9781579493924
9786747540268
9798901491043
9795676177632
9781010959978
9794384463175
9784651782481
9789689121297
9798255024798
9788005717064
9791600570299
9795405966824
9780934517481
9786534143223
9787767835682
9784128416094
9782941525250
9791131394371
9788758018897
9781093674986
9783839580839
9784466253257
9797648228070
9781787805513
9784618269385
9787824323822
9796770873137
9780406425241
9792754474371
9788709277760
9798266587995
9796674800871
9782621875680
9797444449844
9786749863744
9795940447597
9783822639622
9798559589230
9782957078363
9795586954890
9791028464786
9794910113038
9798662343078
9782143376889
9794938679819
9792881927899
9799763825817
9798459874491
9783026536731
9799257533483
9780421203251
9787442743735
9792677056085
9797622726561
9781026918166
9798375529860
9792697558063
9787104710921
9793740787573
9782800089555
9788051445130
9791016581860
9792860902482
9782528364268
9788953918218
9795048493194
9798137174032
9798341324723
9786931917253
9782280567245
9796055685775
9791271821341
9793889750431
9783593601866
9789468428654
9784758375496
9797039296997
9794076749393
9786877085416
9787604849778
9782595151340
9790523538351
9796465568235
9799029742098
9785665731950
9784428074031
9796820337697
9793117362158
9793250198436
9780546489226
9785948941193
9799230103698
9782208492184
9797374480697
9788960083274
9792161894727
9789006236121
9795834140852
9784293510230
9796157782373
9792840710868
9784245078924
9782123687551
9783049245224
9795194070533
9799722862419
9797897001370
9793191608061
9794833968560
9796719734263
9781602898526
9794821069848
9797479053825
9783194296174
9787169955687
9783140416752
9799456998829
9780964672349
9780768962734
9790795784415
9794480749281
9789513795017
9799974254845
9797650680229
9792362071915
9790713333792
9780381593942
9788817384611
9782557835429
9786333301444
9784880786923
9789072838430
9796637098854
9783499478942
9799027158839
9786512314210
9789948707753
9795241607440
9795805213565
9795506016438
9796620097420
9787653967443
9797976049953
9789135838922
9789912124778
9784316590165
9795002491320
9789500058467
9796715854174
9798028692811
9786796725062
9793328788428
9792509416837
9798230802132
9788050126527
9785483431194
9783846314379
9789475277846
9799070966082
9791770053239
9793847223448
9786526531594
9797936369394
9788396301320
9782062919744
9784951133169
9797186429949
9791960294072
9788738686282
9782657862758
9799469472187
9791823283048
9791797214180
9781088113413
9790448648386
9786174325768
9796617927596
9781601498593
9789217670472
9791801741482
9796700771517
9798679445192
9783221490084
9797643916326
9799158600335
9794963053290
9794140556943
9784243629955
9785196298056
9785534864914
9781845869844
9789304222771
9780311878239
9784126755274
9795534930724
9799337687421
9790737868015
9785507048823
9786979986691
9786272028596
9780502350074
9795983472245
9788780917599
9788528140975
9799687409520
9789514178131
9783925879710
9788208414427
9791808406557
9787495841285
9789343272184
9797367552713
9784430431796
9785759820197
9787436317641
9781866928942
9784070360681
9796459934249
9796062582686
9795110336742
9792420692658
9793351817317
9784301940248
9793459948149
9783485086126
9785317824228
9796287162962
9794181472087
9790068796228
9787878010737
9794966182928
9793996631421
9784283626883
9784650355720
9785543611645
9790128568657
9782064435990
9795003176694
9794543123289
9787399421548
9795155955323
9797076590021
9797679268894
9791094877027
9788790537053
9781481026257
9780257381848
9782165916173
9780955388114
9787859842362
9788151135725
9798030590640
9788295397842
9792909425616
9782844262336
9780083953395
9782302336985
9792232714111
9796827189174
9783642972429
9786348581828
9799810164968
9784003254031
9790997792734
9784997554683
9784552402113
9787099875116
9792786202585
9797144311736
9791498969471
9793727746491
9793063509967
9789740640394
9785810936087
9788684336873
9784467658491
9799591557345
9784315646416
9788785979613
9794763495333
9784520280424
9784104148372
9783939931720
9793286589861
9781232749366
9789519448210
9796141299682
9788915035980
9781855075926
9792933966230
9783530139356
9798693216822
9796605219776
9782646247862
9797559517551
9783281345510
9795234660870
9782437699449
9785491421592
9785070271573
9782767810746
9791074872672
9795080034638
9792940173351
9793315061325
9791508025075
9781179023439
9798322493272
9782399474462
9797943974355
9781095760834
9790016762895
9793909380092
9782116218813
9796266484761
9790850609262
9798251032444
9780397488350
9784033407572
9780938700216
9797646674311
9790274883191
9798767585433
9792640391297
9786866203661
9790528080215
9799427215815
9787432389865
9792628505362
9796160336583
9792698185376
9790235839468
9799818289950
9792316838090
9780157849922
9783083148044
9783140050755
9781238328411
9782702034828
9789349847472
9796048347174
9794564954332
9790619352351
9790809152062
9790460679872
9794654348412
9787323529417
9791190966721
9782849111627
9785863159748
9781996260415
9783959057658
9797017411243
9783983387659
9789593050470
9795434980384
9797815465013
9798560905713
9782482949972
9794564081869
9796152114149
9783920907096
9785591550744
9790243440523
9798635893953
9792579517933
9793525330459
9794385664389
9785450968525
9788150363916
9792462857041
9794790997344
9796260739889
9782707046497
9782834390412
9784126850499
9781084755875
9784280308270
9783922354848
9782955607758
9789089756342
9798696266296
9781197800712
9792133536065
9798087435311
9796399468876
9788759362822
9798202439332
9781270916558
9781391353254
9787389913485
9790140905611
9789920954549
9794094218525
9799052788057
9795982705123
9787741531135
9794470205185
9786648667966
9794560054336
9793276820433
9789712900719
9787813730344
9782613924931
9782013560157
9796208663929
9799297250522
9784024099243
9782612871816
9781073434842
9785352557355
9789914768161
9793186582598
9794080105183
9782042726548
9792167917870
9789515671779
9789486642778
9793188810075
9794007378692
9786813339876
9795845268854
9782545658589
9783787275167
9795992427126
9795584391095
9782242844713
9796806848368
9798691271159
9795938032444
9796469924325
9792696014559
9796496238637
9798823660028
9790336848181
9781323808269
9788084454489
9784996774525
9783209977061
9789396207357
9796441048042
9785709863143
9799316569887
9798591299682
9795123109756
9790809611440
9795762484910
9797150392326
9784535860996
9783772905886
9782329564916
9796100974647
9783233152587
9784326001751
9780113547450
9797457304891
9797756821571
9797480587587
9798932147769
9787670403366
9785957765442
9798731571691
9780751151345
9790263643110
9795742506914
9784758292949
9797667453717
9796416330371
9799012345371
9795566988316
9786710063916
9784378146355
9793261083894
9799188597252
9789260099992
9788065203118
9796242454136
9797368423096
9784070450947
9784784341176
9798803084981
9793373343362
9785223699932
9797131322335
9797064459955
9799969037481
9789702995038
9782159021883
9784733689810
9782180291198
9785610954852
9793814684052
9794328821329
9790893253511
9795222115184
9792633153843
9786727565986
9790235183964
9782451364212
9782546226937
9784860156454
9789240595224
9784625553023
9789008614388
9794985870633
9799886019731
9789541810448
9786028012738
9786002272686
9780531153972
9789028380839
9797659639964
9787096051088
9791330664636
9785542339133
9798564513840
9782045920232
9782619126978
9783741949364
9794161855673
9796461880388
9793087254542
9794807694219
9783565686477
9797036909031
9796253211066
9782355664438
9785731191584
9791434045755
9790949947369
9799989334138
9783724191774
9790191246466
9784368863337
9797187221933
9787256030750
9791739972257
9786089577059
9791243449715
9791101465285
9791837843557
9781010133218
9796694632385
9790848954890
9780096195384
9797781570555
9797242090817
9789337037718
9799099629120
9787667334189
9784093650090
9787258395110
9797669414721
9797576501280
9787959881729
9798404925535
9791510898377
9792352947429
9796700106551
9791092064242
9790983673697
9799829604112
9792429659674
9786506276369
9780101274767
9799000486281
9780834250124
9788083401091
9791578827524
9790101841994
9796245474442
9781882483291
9798560384958
9799106106158
9795106717965
9790239277169
9781970138956
9799243408497
9785510111265
9788051374095
9798531918068
9790045544349
9796730147247
9793062713816
9797718360727
9781342184287
9795583729536
9783005021816
9790817293989
9793765326579
9780187261772
9792151358117
9798667802381
9788653061764
9792494425439
9791266518834
9794419497688
9797813237463
9795528058832
9787967088044
9795098568063
9795701089280
9795231129215
9792969511344
9781278216058
9781396268982
9784526192893
9793970237871
9794725334742
9796470646085
9787380358991
9783352586971
9785612276680
9786051032671
9792390860010
9797430300972
9793208332092
9783623255696
9780333107636
9799227459140
9788172343293
9783435741084
9790406949660
9796173144666
9798432473968
9793930412785
9784227974716
9781633493734
9786846078150
9790334529741
9789757589249
9799917873420
9795375431744
9782765889022
9796457967679
9781584092583
9787088803899
9782010433677
9785757221517
9798238097269
9790692596560
9795295383617
9796642431219
9784812679740
9787540927951
9798066436496
9784650797513
9781735728092
9790956277964
9795802508365
9793034208545
9792183477197
9788475279533
9783760296949
9798618265411
9790314802735
9793620176530
9791941389257
9798967833178
9785194563116
9783837321345
9788696664818
9784852042033
9793147738126
9780520184027
9787805668836
9799993812915
9788832540931
9787412864545
9797036185986
9783940013483
9798419228361
9797630110644
9784398466215
9784794677895
9789987582678
9782670298445
9782092856263
9789041602359
9792821878981
9781803888331
9782631062585
9782466126520
9798765606195
9793596078044
9780628921950
9791551459289