575
910
899
202
814
298
483
722
637
242
563
933
838
281
280
541
467
960
874
126
171
931
347
542
817
196
341
261
899
959
872
978
517
256
334
566
843
94
987
955
891
288
243
363
334
990
117
714
762
826
850
958
899
386
911
310
517
516
339
375
462
80
359
123
370
828
546
566
200
355
63
548
982
671
741
538
885
279
577
52
460
839
227
606
763
594
846
990
823
406
825
847
899
562
605
711
963
104
107
161
832
626
918
282
722
489
904
536
793
301
258
536
55
279
738
681
960
977
304
222
260
642
199
82
532
721
579
717
450
495
858
485
690
407
63
140
85
893
647
637
687
728
358
63
568
495
196
268
945
370
755
410
687
960
671
632
291
336
753
878
672
208
669
985
855
688
440
732
812
125
837
856
52
160
293
93
104
234
370
200
919
908
729
728
827
140
594
891
735
754
174
216
416
808
70
925
827
519
497
684
93
574
981
163
133
276
497
828
526
548
63
263
816
648
803
368
898
677
539
634
971
256
260
414
434
159
684
918
659
148
253
433
428
635
221
163
159
84
102
256
495
733
236
205
933
602
389
66
152
875
566
198
567
127
324
101
366
535
830
261
215
694
558
549
650
952
578
664
165
924
683
965
494
129
265
843
773
680
518
273
551
280
218
813
229
993
189
105
875
966
382
765
548
528
920
678
593
230
368
595
205
595
342
243
530
141
370
268
543
950
115
124
367
882
736
139
827
863
975
389
619
381
575
266
552
428
334
520
168
864
228
565
732
270
782
739
816
809
337
366
815
234
476
614
635
660
328
807
915
587
726
124
290
963
706
335
945
945
874
287
812
867
481
962
898
659
290
703
639
216
461
948
743
281
390
73
610
617
395
344
274
554
511
609
482
346
445
205
176
505
893
475
137
784
81
761
125
756
515
441
153
140
679
693
960
500
780
105
89
142
706
409
366
416
883
869
664
64
229
679
448
926
276
529
64
915
860
156
812
834
701
365
133
119
903
139
722
272
81
822
73
907
443
245
70
298
131
632
416
472
125
446
768
965
606
658
607
881
684
805
202
106
402
150
405
718
352
596
108
328
989
734
507
896
834
175
993
432
684
303
506
610
492
956
264
509
924
265
59
808
567
359
575
127
214
731
144
441
598
539
590
725
114
957
667
941
247
743
54
868
925
115
934
978
621
975
261
62
137
120
711
838
563
793
727
500
206
235
50
674
195
257
636
745
51
143
111
654
760
758
156
458
331
812
589
217
857
563
395
729
198
858
575
195
683
104
528
404
353
891
185
246
252
584
702
159
428
905
101
657
835
739
251
648
628
993
569
581
557
640
401
820
88
687
651
267
841
166
59
501
802
233
556
394
484
904
115
918
299
661
792
135
593
659
258
469
551
845
86
468
275
722
749
131
234
978
593
911
172
447
173
128
604
93
591
599
228
87
614
244
58
627
711
995
96
899
645
147
164
924
341
587
66
122
716
267
814
380
470
886
800
845
65
483
572
692
842
432
227
787
278
742
779
298
450
529
789
259
476
488
601
717
169
996
986
60
573
486
657
708
369
223
441
608
324
895
438
356
324
716
169
234
945
992
334
902
88
472
617
815
156
892
459
708
987
164
333
955
880
662
675
352
864
716
466
238
701
866
850
899
947
733
413
524
762
486
385
618
142
478
95
676
400
946
422
132
132
310
385
196
318
758
235
90
90
129
969
779
801
854
415
275
231
755
866
106
665
666
948
367
656
154
614
669
300
514
64
233
538
302
298
440
773
689
613
891
501
337
636
113
224
301
335
487
122
108
483
187
523
119
269
527
261
428
954
147
461
209
517
735
769
297
580
233
732
746
600
944
803
114
813
167
231
86
409
997
736
638
853
697
309
568
836
226
749
60
393
80
198
999
960
790
403
261
922
594
95
866
791
861
232
355
685
119
806
724
675
407
395
480
523
348
276
334
500
921
992
913
519
546
357
68
484
361
381
71
994
616
68
942
886
398
922
739
900
685
559
583
86
332
258
302
971
756
243
448
800
701
50
259
173
396
776
141
898
149
465
318
556
730
722
642
790
191
172
83
950
140
615
181
781
347
194
84
525
866
549
169
750
187
980
899
773
987
578
181
645
417
548
759
278
924
687
353
918
655
298
243
408
862
641
829
371
639
608
705
846
294
631
579
915
59
192
379
675
465
724
894
582
867
437
136
206
544
187
350
360
308
698
758
111
885
57
623
440
493
305
503
761
376
823
380
788
667
806
386
829
927
394
240
460
739
881
939
700
164
497
110
653
891
344
450
470
422
624
950
837
557
496
159
645
292
784
489
780
352
264
616
456
517
430
149
270
345
258
750
287
718
183
829
834
408
163
829
532
294
196
978
301
407
727
978
128
612
632
731
769
218
264
293
792
120
746
64
810
890
847
463
786
861
476
924
573
766
950
882
698
372
861
199
269
505
968
405
600
415
368
312
797
641
789
895
227
673
317
906
901
796
794
88
563
621
364
910
688
829
945
711
121
482
587
891
868
492
410
665
225
183
435
433
967
874
103
913
381
64
109
323
119
716
254
458
190
845
451
824
450
228
948
966
854
563
81
642
963
380
233
608
807
393
554
502
858
885
498
638
768
473
273
297
567
337
375
117
936
369
396
602
611
691
68
250
892
204
124
194
669
201
378
972
799
873
214
475
823
231
577
993
711
76
834
512
127
439
334
376
1000
640
414
299
621
989
145
671
601
975
485
729
451
681
366
877
568
892
752
401
679
521
876
198
400
123
845
686
726
289
470
786
245
297
779
930
847
289
799
337
80
328
107
256
666
200
330
266
902
426
738
350
163
447
141
318
197
501
974
869
536
592
313
659
563
474
71
432
561
648
978
200
531
866
899
942
931
575
689
841
422
934
544
145
767
855
84
461
197
531
335
296
283
209
546
902
616
814
627
341
347
731
765
420
786
329
673
449
875
864
343
227
99
834
671
869
648
58